date,combined,Be-a.co.uk,Brentwood Open learning College,CPD Courses,Centre of Excellence,Course Gate,Euston College,Excel with Business,Janets,OfCourse,One Education,Oplex Careers,Oxford Home Study College,The Training Terminal,Training Express Ltd,Trendimi
28_Jan,38.06,13.44,7.68,9.86,7.17,7.8,1.06,5.75,9.37,3.08,18.89,7.19,4.49,3.27,0.94,0.0
29_Jan,37.86,16.16,6.05,9.58,3.28,10.46,1.11,3.88,8.62,3.37,17.03,9.95,5.72,3.35,0.64,0.82
30_Jan,38.91,12.89,5.89,10.8,6.38,8.81,0.94,3.97,7.43,4.23,19.7,6.69,5.62,4.17,2.03,0.46
31_Jan,38.1,13.38,7.62,11.12,3.98,6.79,1.39,3.2,8.43,4.64,19.01,8.92,6.38,2.04,2.48,0.62
01_Feb,42.33,12.42,8.04,11.73,3.01,7.7,5.03,2.68,10.69,2.83,18.32,6.84,6.96,2.63,0.59,0.54
02_Feb,31.69,18.67,6.75,10.97,5.44,7.74,1.11,2.85,8.39,4.84,14.09,8.07,7.92,1.64,0.36,1.17
03_Feb,35.97,14.07,5.73,12.06,3.85,9.54,2.59,5.28,9.3,4.62,13.77,8.81,5.6,2.95,0.77,1.07
04_Feb,39.12,15.18,5.95,10.8,6.58,10.5,5.28,3.0,8.05,2.43,14.28,8.64,4.57,2.52,1.01,1.22
05_Feb,37.33,15.06,5.24,11.98,5.99,8.08,0.0,4.02,10.17,3.01,17.29,8.22,5.8,2.7,1.79,0.63
06_Feb,36.85,17.44,6.64,10.87,3.35,8.11,1.49,0.88,7.74,4.05,17.53,8.6,6.01,4.15,1.98,1.17
07_Feb,42.78,11.13,7.24,10.02,8.02,11.45,1.33,0.49,10.47,3.68,18.63,8.47,5.15,2.25,0.9,0.76
08_Feb,44.05,14.57,4.76,10.84,6.4,10.65,0.0,1.4,13.36,1.77,18.92,7.33,5.0,1.63,1.12,2.24
09_Feb,33.85,21.59,6.14,9.65,5.13,7.89,0.0,0.22,8.04,4.64,16.24,11.0,4.38,2.92,1.68,0.49
10_Feb,40.54,17.34,5.45,7.79,5.39,7.82,3.33,1.76,10.84,2.09,17.61,9.82,5.61,3.27,0.94,0.94
11_Feb,42.53,15.73,6.77,8.91,3.04,8.29,4.92,2.57,9.99,3.09,17.71,6.46,5.61,4.09,1.62,1.18
12_Feb,40.52,12.64,5.13,7.3,5.04,9.12,2.94,2.54,8.84,5.06,19.08,11.59,4.2,4.97,0.54,1.03
13_Feb,35.94,16.8,6.35,10.38,4.84,9.26,0.0,3.85,8.3,3.14,17.56,9.12,4.79,3.66,0.82,1.14
14_Feb,36.37,10.97,7.03,9.81,5.68,7.29,0.0,3.36,7.49,1.55,20.78,14.97,3.87,5.61,0.81,0.77
15_Feb,35.0,18.08,4.13,11.47,7.26,10.73,0.0,0.0,7.06,3.59,16.01,8.67,7.72,3.59,1.2,0.5
16_Feb,36.92,14.29,4.86,9.33,7.6,9.22,4.44,1.27,9.29,3.56,12.95,11.86,5.74,3.77,1.02,0.81
17_Feb,36.23,18.52,4.29,10.23,6.97,10.78,0.0,0.88,9.14,3.34,13.38,9.05,6.13,3.67,2.93,0.71
18_Feb,39.7,13.23,4.53,11.18,5.84,11.68,0.0,0.18,8.35,5.07,18.09,8.55,4.56,5.72,1.58,1.43
19_Feb,33.38,18.63,5.01,11.57,5.71,6.73,1.78,1.72,8.43,3.44,15.45,8.54,5.95,5.07,0.99,0.96
20_Feb,36.79,16.39,6.72,10.85,5.35,7.91,0.0,1.37,10.7,3.44,17.94,10.0,3.1,5.11,0.24,0.88
21_Feb,34.62,12.62,3.71,12.53,8.06,6.5,0.0,4.56,8.59,3.32,18.71,10.88,5.03,3.68,0.82,1.0
22_Feb,41.38,16.18,4.36,8.63,8.37,8.8,2.35,1.79,7.17,3.76,21.35,7.26,4.74,2.26,1.71,1.28
23_Feb,37.42,15.1,6.72,9.73,7.11,8.38,0.0,3.23,8.06,4.25,19.93,7.99,4.61,2.61,1.05,1.23
24_Feb,35.4,19.21,3.33,9.08,7.1,10.87,2.85,1.4,5.32,4.69,14.21,6.45,5.99,5.99,2.15,1.35
25_Feb,39.92,15.49,4.0,9.66,6.3,9.68,5.83,3.36,6.97,3.21,15.39,8.72,4.67,3.83,2.05,0.84
26_Feb,34.9,15.39,5.48,11.01,8.48,8.66,4.74,2.6,9.81,2.83,11.26,8.87,4.08,5.2,0.43,1.17
27_Feb,34.75,24.47,4.0,8.31,7.89,6.02,7.42,2.22,8.07,3.53,12.33,5.18,4.64,4.59,0.91,0.42
28_Feb,32.73,18.21,3.76,10.52,7.11,6.98,0.0,2.78,8.99,4.25,15.29,11.75,3.87,4.36,1.47,0.65
29_Feb,36.69,16.05,3.03,9.2,7.07,7.97,2.34,1.91,9.96,2.67,14.9,13.46,6.1,3.21,1.52,0.61
01_Mar,38.65,16.01,5.04,10.77,8.35,8.38,5.76,0.0,6.84,3.6,14.66,8.25,5.53,2.72,3.01,1.08
02_Mar,35.14,19.58,7.31,11.69,5.04,10.44,0.0,0.91,6.92,2.41,15.2,9.36,6.09,1.83,2.58,0.64
03_Mar,38.99,17.06,4.62,11.94,7.84,7.65,9.07,2.53,10.14,3.54,10.0,6.09,4.13,2.53,2.13,0.72
04_Mar,39.78,13.55,5.03,10.22,7.49,7.92,4.81,0.85,9.32,4.51,15.16,8.28,5.3,4.75,2.57,0.25
05_Mar,34.45,18.49,5.64,11.33,6.46,11.91,1.6,2.42,7.73,2.75,12.05,8.45,5.69,3.44,1.16,0.88
06_Mar,44.99,12.95,3.16,7.48,1.72,9.47,6.9,1.93,8.42,2.57,15.96,14.44,6.69,3.27,4.24,0.82
07_Mar,43.11,19.18,5.59,12.01,5.49,11.92,0.0,1.3,9.5,3.35,18.9,0.0,5.87,2.33,2.79,1.77
08_Mar,34.42,22.74,4.61,9.47,7.51,8.02,5.16,2.35,8.7,7.85,10.58,2.22,3.75,3.84,1.96,1.24
09_Mar,33.8,17.11,7.55,9.59,6.57,10.48,1.81,1.45,9.2,1.78,10.42,13.73,4.26,3.2,1.89,0.98
10_Mar,33.86,23.46,4.21,9.95,11.87,9.48,0.0,1.53,8.91,2.57,12.62,2.35,6.56,2.71,2.85,0.93
11_Mar,36.9,16.69,5.48,11.69,4.37,7.4,5.12,3.06,9.38,4.59,13.36,6.12,3.06,7.1,1.64,0.95
Avg after 44 days,37.56,16.32,5.47,10.32,6.17,8.89,2.38,2.26,8.78,3.56,15.97,8.57,5.26,3.6,1.54,0.92
